# -1  0  0
#  0 -1  0
#  0  0  1
R_gimbal2imubody: [-1, 0, 0, 0, -1, 0, 0, 0, 1]

# 重投影误差: 0.2697px
camera_matrix: [1818.3669452465165, 0, 751.06226574703498, 0, 1822.494494078506, 530.43671556112133, 0, 0, 1]
distort_coeffs: [-0.077944626599568856, 0.15447826031486889, -0.0025714394278524674, 0.00083016311301273629, 0]

# 相机同理想情况的偏角: yaw0.46 pitch0.61 roll-1.53 degree
R_camera2gimbal: [-0.0083195760046954614, 0.010498791137270739, 0.99991027599468041, -0.99960756138647755, -0.026835747568381807, -0.0080352891314148939, 0.026748978935305992, -0.99958472279097077, 0.010717933047771133]
t_camera2gimbal: [0.094969301833534511, 0.095006290298006682, 0.050987066291756609]